NOT ORIGINAL IUE PROJECT DATA PRODUCT
SWP01798LOWSMALL
NGC 7469
23:00:44
+08:36:15
84
NO-TRAIL
NO
12599.576
17/06/78
02:00:36
168
07.81
23/02/94
VILSPA
2443676.58375
168
46
1150.58  1.07e-14  1.23e-14   530    19     0
1152.26  3.43e-14  1.26e-14   530    66     0
1153.93  2.61e-14  1.15e-14   530    53     0
1155.61  2.97e-14  1.16e-14   530    61     0
1157.29  2.43e-14  1.06e-14   530    54     0
1158.96  3.14e-14  1.01e-14   530    75     0
1160.64  3.85e-14  9.86e-15   530    98     0
1162.31  3.33e-14  9.08e-15   529    90     0
1163.99  3.49e-14  8.65e-15   529   102     0
1165.67  4.01e-14  9.34e-15   529   109     0
1167.34  2.22e-14  8.10e-15   529    64     0
1169.02  4.14e-14  8.42e-15   529   129     0
1170.70  4.15e-14  8.16e-15   529   133     0
1172.37  3.63e-14  7.54e-15   529   125     0
1174.05  3.75e-14  7.12e-15   529   137     0
1175.73  4.12e-14  6.72e-15   529   167     0
1177.40  2.34e-14  5.72e-15   529   101     0
1179.08  3.00e-14  5.73e-15   529   138     0
1180.75  3.28e-14  5.54e-15   528   161     0
1182.43  2.88e-14  5.16e-15   528   149     0
1184.11  3.90e-14  5.37e-15   528   214     0
1185.78  4.24e-14  5.38e-15   528   240     0
1187.46  4.43e-14  5.20e-15   528   263     0
1189.14  4.23e-14  4.97e-15   528   263     0
1190.81  3.42e-14  4.66e-15   528   214     0
1192.49  3.45e-14  4.59e-15   528   225     0
1194.17  3.43e-14  4.42e-15   528   233     0
1195.84  4.64e-14  4.87e-15   528   329     0
1197.52  4.45e-14  4.66e-15   528   326     0
1199.19  4.18e-14  4.44e-15   528   316     0
1200.87  3.67e-14  4.22e-15   528   282     0
1202.55  3.41e-14  4.01e-15   528   270     0
1204.22  2.87e-14  3.63e-15   528   234     0
1205.90  2.66e-14  3.58e-15   528   217     0
1207.58  3.49e-14  3.86e-15   528   293     0
1209.25  2.72e-14  3.44e-15   528   235     0
1210.93  2.20e-14  3.17e-15   528   194     0
1212.60  2.61e-14  3.28e-15   528   237     0
1214.28  3.85e-14  3.80e-15   528   360     0
1215.96  5.85e-14  4.64e-15   528   542     0
1217.63  3.81e-14  3.67e-15   528   362     0
1219.31  3.07e-14  3.35e-15   528   298     0
1220.99  3.48e-14  3.74e-15   528   340     0
1222.66  5.25e-14  4.20e-15   528   524     0
1224.34  5.59e-14  4.39e-15   528   569     0
1226.02  7.69e-14  5.19e-15   528   808     0
1227.69  8.27e-14  5.30e-15   528   885     0
1229.37  9.04e-14  5.57e-15   528   984     0
1231.04  1.26e-13  6.96e-15   528  1383     0
1232.72  1.46e-13  7.63e-15   528  1626     0
1234.40  1.49e-13  1.04e-14   528  1690     0
1236.07  1.70e-13  1.14e-14   528  1783     0
1237.75  1.63e-13  1.16e-14   528  1732     0
1239.43  1.44e-13  7.87e-15   529  1546     0
1241.10  9.28e-14  6.26e-15   529  1069     0
1242.78  1.01e-13  5.73e-15   529  1178     0
1244.46  7.80e-14  5.01e-15   529   918     0
1246.13  8.05e-14  5.11e-15   529   935     0
1247.81  6.90e-14  4.67e-15   529   808     0
1249.48  6.98e-14  4.64e-15   529   824     0
1251.16  6.95e-14  4.65e-15   529   809     0
1252.84  6.02e-14  4.31e-15   529   707     0
1254.51  6.25e-14  4.33e-15   529   739     0
1256.19  7.44e-14  4.87e-15   529   866     0
1257.87  6.52e-14  4.52e-15   529   764     0
1259.54  5.92e-14  4.28e-15   529   698     0
1261.22  7.01e-14  5.55e-15   529   843     0
1262.89  6.53e-14  4.42e-15   529   790     0
1264.57  6.64e-14  4.48e-15   529   808     0
1266.25  5.75e-14  4.07e-15   529   724     0
1267.92  5.42e-14  3.92e-15   529   686     0
1269.60  4.74e-14  3.61e-15   529   603     0
1271.28  5.80e-14  3.94e-15   529   768     0
1272.95  5.55e-14  4.43e-15   529   739     0
1274.63  4.73e-14  3.51e-15   529   632     0
1276.31  4.63e-14  3.47e-15   530   597     0
1277.98  4.73e-14  3.54e-15   530   612     0
1279.66  5.29e-14  3.81e-15   530   687     0
1281.33  4.24e-14  3.37e-15   530   543     0
1283.01  4.69e-14  3.57e-15   530   602     0
1284.69  4.94e-14  3.62e-15   530   637     0
1286.36  3.87e-14  3.12e-15   530   520     0
1288.04  4.32e-14  3.27e-15   530   582     0
1289.72  4.21e-14  3.26e-15   530   568     0
1291.39  3.59e-14  2.96e-15   530   492     0
1293.07  3.77e-14  3.02e-15   530   517     0
1294.75  3.80e-14  3.05e-15   530   522     0
1296.42  4.65e-14  3.39e-15   530   636     0
1298.10  4.23e-14  3.18e-15   530   579     0
1299.77  3.79e-14  2.96e-15   530   518     0
1301.45  3.19e-14  2.76e-15   530   431     0
1303.13  3.44e-14  2.89e-15   530   465     0
1304.80  4.78e-14  3.38e-15   530   646     0
1306.48  3.38e-14  2.76e-15   530   476     0
1308.16  3.42e-14  2.80e-15   530   482     0
1309.83  3.13e-14  2.70e-15   530   441     0
1311.51  4.19e-14  3.31e-15   530   534     0
1313.19  4.25e-14  3.28e-15   530   540     0
1314.86  3.62e-14  3.05e-15   530   460     0
1316.54  3.99e-14  3.85e-15   530   499     0
1318.21  3.76e-14  3.12e-15   530   470     0
1319.89  4.65e-14  3.48e-15   530   581     0
1321.57  3.76e-14  3.02e-15   530   503     0
1323.24  3.89e-14  3.04e-15   530   519     0
1324.92  4.21e-14  3.13e-15   530   561     0
1326.60  4.25e-14  3.20e-15   530   554     0
1328.27  3.81e-14  3.07e-15   530   495     0
1329.95  4.16e-14  3.20e-15   530   539     0
1331.62  3.91e-14  3.18e-15   530   477     0
1333.30  3.44e-14  2.98e-15   530   418     0
1334.98  3.71e-14  3.07e-15   530   450     0
1336.65  3.22e-14  2.73e-15   530   428     0
1338.33  3.74e-14  3.19e-15   530   495     0
1340.01  4.15e-14  3.32e-15   530   543     0
1341.68  4.10e-14  3.17e-15   530   535     0
1343.36  4.30e-14  3.14e-15   530   559     0
1345.04  4.15e-14  3.03e-15   530   561     0
1346.71  3.27e-14  2.72e-15   530   440     0
1348.39  3.54e-14  2.81e-15   530   474     0
1350.06  3.91e-14  3.04e-15   530   497     0
1351.74  4.11e-14  3.18e-15   530   519     0
1353.42  4.20e-14  3.22e-15   530   528     0
1355.09  4.50e-14  3.34e-15   530   556     0
1356.77  3.83e-14  3.08e-15   530   470     0
1358.45  4.77e-14  3.41e-15   530   582     0
1360.12  3.49e-14  2.83e-15   530   441     0
1361.80  4.66e-14  4.06e-15   530   587     0
1363.48  4.02e-14  3.05e-15   530   504     0
1365.15  4.82e-14  3.44e-15   530   589     0
1366.83  4.29e-14  3.22e-15   530   521     0
1368.50  4.39e-14  3.27e-15   530   531     0
1370.18  4.73e-14  3.50e-15   530   545     0
1371.86  4.75e-14  3.47e-15   530   544     0
1373.53  4.34e-14  3.33e-15   530   494     0
1375.21  3.58e-14  2.94e-15   530   429     0
1376.89  4.00e-14  3.09e-15   530   477     0
1378.56  3.55e-14  2.94e-15   529   420     0
1380.24  3.69e-14  3.04e-15   529   423     0
1381.91  4.72e-14  3.49e-15   529   537     0
1383.59  3.41e-14  2.93e-15   529   385     0
1385.27  4.26e-14  3.30e-15   529   467     0
1386.94  4.49e-14  3.39e-15   529   488     0
1388.62  3.76e-14  3.30e-15   529   407     0
1390.30  3.90e-14  3.13e-15   529   426     0
1391.97  3.92e-14  3.09e-15   529   426     0
1393.65  3.70e-14  3.09e-15   529   399     0
1395.33  4.07e-14  3.27e-15   529   428     0
1397.00  3.63e-14  3.93e-15   528   380     0
1398.68  4.50e-14  3.45e-15   528   466     0
1400.35  4.00e-14  3.16e-15   528   425     0
1402.03  4.02e-14  3.20e-15   528   425     0
1403.71  4.04e-14  3.19e-15   528   423     0
1405.38  3.82e-14  3.10e-15   528   409     0
1407.06  3.83e-14  3.12e-15   528   408     0
1408.74  5.70e-14  3.82e-15   528   602     0
1410.41  4.41e-14  3.34e-15   528   460     0
1412.09  4.38e-14  3.35e-15   527   453     0
1413.77  5.58e-14  3.80e-15   527   574     0
1415.44  5.69e-14  3.87e-15   527   578     0
1417.12  5.54e-14  4.13e-15   527   558     0
1418.79  4.89e-14  3.58e-15   527   490     0
1420.47  7.17e-14  4.48e-15   527   740     0
1422.15  5.14e-14  3.65e-15   527   526     0
1423.82  4.73e-14  3.44e-15   526   482     0
1425.50  5.33e-14  3.70e-15   526   522     0
1427.18  5.31e-14  3.83e-15   526   516     0
1428.85  5.69e-14  3.95e-15   526   549     0
1430.53  6.11e-14  4.08e-15   526   571     0
1432.20  6.00e-14  4.10e-15   526   557     0
1433.88  5.35e-14  3.82e-15   526   494     0
1435.56  4.60e-14  3.51e-15   525   433     0
1437.23  4.52e-14  3.48e-15   525   423     0
1438.91  5.48e-14  4.21e-15   525   510     0
1440.59  4.50e-14  3.39e-15   525   421     0
1442.26  3.77e-14  3.12e-15   525   351     0
1443.94  4.07e-14  3.24e-15   524   376     0
1445.62  4.37e-14  3.44e-15   524   397     0
1447.29  3.44e-14  3.06e-15   524   311     0
1448.97  3.49e-14  3.12e-15   524   314     0
1450.64  3.66e-14  3.15e-15   524   329     0
1452.32  3.56e-14  3.12e-15   524   319     0
1454.00  3.92e-14  3.33e-15   523   350     0
1455.67  4.25e-14  3.38e-15   523   371     0
1457.35  4.09e-14  3.32e-15   523   356     0
1459.03  3.58e-14  3.56e-15   523   311     0
1460.70  3.62e-14  3.18e-15   523   306     0
1462.38  3.84e-14  3.28e-15   522   324     0
1464.06  3.90e-14  3.30e-15   522   328     0
1465.73  3.97e-14  3.18e-15   522   352     0
1467.41  4.07e-14  3.25e-15   522   360     0
1469.08  3.48e-14  3.03e-15   521   307     0
1470.76  3.32e-14  2.98e-15   521   289     0
1472.44  2.84e-14  2.97e-15   521   248     0
1474.11  3.71e-14  3.07e-15   521   323     0
1475.79  3.82e-14  3.19e-15   521   327     0
1477.47  3.69e-14  3.13e-15   520   315     0
1479.14  3.81e-14  3.16e-15   520   324     0
1480.82  3.32e-14  3.00e-15   520   279     0
1482.50  3.62e-14  3.11e-15   520   304     0
1484.17  4.17e-14  3.29e-15   519   349     0
1485.85  3.35e-14  2.94e-15   519   290     0
1487.52  3.54e-14  2.99e-15   519   306     0
1489.20  3.32e-14  2.90e-15   519   286     0
1490.88  4.16e-14  3.36e-15   518   342     0
1492.55  4.20e-14  3.48e-15   518   344     0
1494.23  3.88e-14  3.19e-15   518   317     0
1495.91  3.30e-14  2.93e-15   518   276     0
1497.58  4.61e-14  3.35e-15   517   383     0
1499.26  4.02e-14  3.18e-15   517   333     0
1500.93  3.38e-14  2.97e-15   517   278     0
1502.61  3.12e-14  2.87e-15   517   255     0
1504.29  3.25e-14  2.91e-15   516   265     0
1505.96  3.56e-14  3.00e-15   516   288     0
1507.64  3.67e-14  3.05e-15   516   295     0
1509.32  4.31e-14  3.24e-15   516   345     0
1510.99  3.80e-14  3.00e-15   515   321     0
1512.67  2.93e-14  2.71e-15   515   246     0
1514.35  3.45e-14  2.90e-15   515   289     0
1516.02  3.34e-14  2.85e-15   515   275     0
1517.70  3.49e-14  2.92e-15   514   286     0
1519.37  3.60e-14  2.94e-15   514   294     0
1521.05  3.50e-14  3.03e-15   514   270     0
1522.73  3.47e-14  3.02e-15   514   266     0
1524.40  3.50e-14  3.01e-15   513   268     0
1526.08  3.61e-14  3.10e-15   513   267     0
1527.76  3.74e-14  3.17e-15   513   275     0
1529.43  3.60e-14  3.10e-15   513   264     0
1531.11  3.75e-14  3.04e-15   512   292     0
1532.79  4.05e-14  3.14e-15   512   315     0
1534.46  4.56e-14  3.26e-15   512   354     0
1536.14  4.06e-14  3.11e-15   511   317     0
1537.81  4.13e-14  3.12e-15   511   322     0
1539.49  4.16e-14  3.13e-15   511   324     0
1541.17  4.55e-14  3.31e-15   511   338     0
1542.84  4.58e-14  3.32e-15   510   340     0
1544.52  4.05e-14  3.15e-15   510   300     0
1546.20  4.13e-14  3.19e-15   510   300     0
1547.87  3.68e-14  3.07e-15   510   268     0
1549.55  4.60e-14  3.32e-15   509   335     0
1551.22  4.42e-14  3.16e-15   509   341     0
1552.90  5.27e-14  3.40e-15   509   407     0
1554.58  5.80e-14  3.52e-15   509   448     0
1556.25  5.87e-14  3.53e-15   508   458     0
1557.93  5.45e-14  3.39e-15   508   425     0
1559.61  5.91e-14  3.52e-15   508   462     0
1561.28  6.82e-14  3.84e-15   507   504     0
1562.96  6.98e-14  5.07e-15   507   516     0
1564.64  7.49e-14  4.05e-15   507   554     0
1566.31  9.17e-14  4.53e-15   507   683     0
1567.99  9.50e-14  4.75e-15   506   707     0
1569.66  1.02e-13  4.85e-15   506   758     0
1571.34  1.25e-13  5.81e-15   506   984     0
1573.02  1.29e-13  7.02e-15   506  1020     0
1574.69  1.16e-13  1.13e-14   505   915     0
1576.37  1.01e-13  4.76e-15   505   809     0
1578.05  9.83e-14  4.63e-15   505   788     0
1579.72  9.42e-14  4.47e-15   505   756     0
1581.40  7.74e-14  3.82e-15   504   616     0
1583.08  7.99e-14  5.73e-15   504   637     0
1584.75  7.91e-14  6.31e-15   504   631 -4096
1586.43  6.16e-14  4.18e-15   504   460     0
1588.10  6.68e-14  3.80e-15   503   500     0
1589.78  6.36e-14  3.49e-15   503   477     0
1591.46  5.21e-14  3.10e-15   503   408     0
1593.13  4.71e-14  2.97e-15   503   370     0
1594.81  5.17e-14  3.07e-15   502   406     0
1596.49  4.90e-14  3.00e-15   502   383     0
1598.16  4.61e-14  2.91e-15   502   361     0
1599.84  5.01e-14  3.00e-15   502   393     0
1601.52  4.58e-14  2.88e-15   501   362     0
1603.19  4.15e-14  2.76e-15   501   329     0
1604.87  4.47e-14  2.83e-15   501   355     0
1606.54  4.54e-14  2.93e-15   501   340     0
1608.22  4.65e-14  2.94e-15   500   349     0
1609.90  4.31e-14  2.85e-15   500   324     0
1611.57  4.33e-14  2.77e-15   500   342     0
1613.25  4.62e-14  2.83e-15   500   365     0
1614.93  4.75e-14  2.84e-15   500   376     0
1616.60  4.07e-14  2.74e-15   499   311     0
1618.28  4.01e-14  2.72e-15   499   307     0
1619.95  4.62e-14  2.87e-15   499   354     0
1621.63  4.24e-14  2.73e-15   499   330     0
1623.31  4.01e-14  2.67e-15   499   312     0
1624.98  3.94e-14  2.64e-15   498   308     0
1626.66  3.63e-14  2.44e-15   498   304     0
1628.34  4.28e-14  2.56e-15   498   359     0
1630.01  3.76e-14  2.45e-15   498   315     0
1631.69  3.73e-14  2.44e-15   498   313     0
1633.37  3.84e-14  2.44e-15   497   324     0
1635.04  4.27e-14  2.59e-15   497   344     0
1636.72  4.17e-14  2.56e-15   497   337     0
1638.39  3.57e-14  2.43e-15   497   289     0
1640.07  3.81e-14  2.43e-15   497   316     0
1641.75  3.86e-14  2.43e-15   497   321     0
1643.42  4.05e-14  2.46e-15   496   338     0
1645.10  4.54e-14  2.48e-15   496   399     0
1646.78  4.11e-14  2.36e-15   496   362     0
1648.45  3.82e-14  2.29e-15   496   338     0
1650.13  3.87e-14  2.30e-15   496   340     0
1651.81  3.61e-14  2.23e-15   496   318     0
1653.48  3.59e-14  2.22e-15   495   318     0
1655.16  4.21e-14  2.37e-15   495   361     0
1656.83  3.71e-14  2.27e-15   495   320     0
1658.51  3.65e-14  2.25e-15   495   315     0
1660.19  4.53e-14  2.38e-15   495   396     0
1661.86  4.55e-14  2.47e-15   495   400     0
1663.54  4.89e-14  2.41e-15   495   432     0
1665.22  5.07e-14  2.51e-15   495   427     0
1666.89  4.04e-14  2.30e-15   494   341     0
1668.57  3.93e-14  2.28e-15   494   334     0
1670.24  4.00e-14  2.33e-15   494   327     0
1671.92  4.65e-14  2.43e-15   494   383     0
1673.60  4.24e-14  2.41e-15   494   350     0
1675.27  4.10e-14  2.22e-15   494   357     0
1676.95  4.29e-14  2.25e-15   494   375     0
1678.63  4.49e-14  2.25e-15   494   395     0
1680.30  3.50e-14  2.02e-15   494   321     0
1681.98  3.64e-14  2.03e-15   494   335     0
1683.66  3.69e-14  2.02e-15   493   342     0
1685.33  4.00e-14  2.12e-15   493   356     0
1687.01  4.49e-14  2.18e-15   493   401     0
1688.68  4.01e-14  2.09e-15   493   361     0
1690.36  4.16e-14  2.29e-15   493   375     0
1692.04  4.38e-14  2.12e-15   493   397     0
1693.71  4.24e-14  2.08e-15   493   386     0
1695.39  3.76e-14  1.94e-15   493   357     0
1697.07  3.44e-14  1.88e-15   493   328     0
1698.74  3.69e-14  2.13e-15   493   354     0
1700.42  3.99e-14  2.08e-15   493   374     0
1702.10  3.99e-14  2.21e-15   493   376     0
1703.77  3.87e-14  1.92e-15   493   366     0
1705.45  3.50e-14  1.80e-15   493   346     0
1707.12  3.16e-14  1.74e-15   493   314     0
1708.80  3.35e-14  1.75e-15   493   335     0
1710.48  3.33e-14  1.77e-15   493   325     0
1712.15  3.26e-14  1.75e-15   493   320     0
1713.83  3.46e-14  1.76e-15   493   341     0
1715.51  3.41e-14  1.73e-15   493   341     0
1717.18  3.02e-14  1.67e-15   493   305     0
1718.86  3.44e-14  1.70e-15   493   349     0
1720.54  3.02e-14  1.60e-15   493   318     0
1722.21  3.59e-14  1.66e-15   493   381     0
1723.89  3.41e-14  1.62e-15   493   363     0
1725.56  3.29e-14  1.57e-15   493   358     0
1727.24  2.95e-14  1.52e-15   493   323     0
1728.92  3.24e-14  1.54e-15   493   357     0
1730.59  2.56e-14  1.41e-15   493   293     0
1732.27  2.53e-14  1.39e-15   493   292     0
1733.95  2.86e-14  1.44e-15   493   332     0
1735.62  3.01e-14  1.47e-15   493   338     0
1737.30  3.21e-14  1.48e-15   494   363     0
1738.97  3.17e-14  1.47e-15   494   361     0
1740.65  3.02e-14  1.42e-15   494   352     0
1742.33  2.88e-14  1.39e-15   494   338     0
1744.00  2.81e-14  1.37e-15   494   331     0
1745.68  3.58e-14  1.50e-15   494   404     0
1747.36  3.50e-14  1.48e-15   494   397     0
1749.03  3.38e-14  1.46e-15   494   386     0
1750.71  3.08e-14  1.39e-15   494   361     0
1752.39  3.28e-14  1.40e-15   494   386     0
1754.06  3.29e-14  1.39e-15   495   389     0
1755.74  3.00e-14  1.34e-15   495   361     0
1757.41  3.20e-14  1.36e-15   495   387     0
1759.09  3.08e-14  1.33e-15   495   375     0
1760.77  3.20e-14  1.37e-15   495   376     0
1762.44  3.26e-14  1.37e-15   495   386     0
1764.12  3.26e-14  1.36e-15   495   387     0
1765.80  3.00e-14  1.28e-15   496   375     0
1767.47  3.20e-14  1.29e-15   496   402     0
1769.15  3.35e-14  1.30e-15   496   423     0
1770.83  3.27e-14  1.25e-15   496   427     0
1772.50  3.49e-14  1.27e-15   496   457     0
1774.18  2.89e-14  1.20e-15   496   381     0
1775.85  3.17e-14  1.26e-15   497   404     0
1777.53  3.52e-14  1.28e-15   497   449     0
1779.21  3.55e-14  1.28e-15   497   455     0
1780.88  3.90e-14  1.38e-15   497   465     0
1782.56  4.04e-14  1.39e-15   497   483     0
1784.24  3.58e-14  1.33e-15   497   430     0
1785.91  3.59e-14  1.27e-15   498   459     0
1787.59  3.39e-14  1.24e-15   498   434     0
1789.26  3.14e-14  1.22e-15   498   404     0
1790.94  3.37e-14  1.18e-15   498   458     0
1792.62  3.50e-14  1.19e-15   499   476     0
1794.29  3.44e-14  1.18e-15   499   469     0
1795.97  3.57e-14  1.18e-15   499   497     0
1797.65  3.30e-14  1.16e-15   499   460     0
1799.32  3.42e-14  1.31e-15   499   478     0
1801.00  3.42e-14  1.42e-15   500   463     0
1802.68  3.51e-14  1.17e-15   500   476     0
1804.35  3.51e-14  1.16e-15   500   477     0
1806.03  3.21e-14  1.12e-15   500   441     0
1807.70  3.00e-14  1.10e-15   501   413     0
1809.38  3.06e-14  1.10e-15   501   422     0
1811.06  3.14e-14  1.10e-15   501   433     0
1812.73  3.26e-14  1.10e-15   501   450     0
1814.41  3.07e-14  1.08e-15   502   425     0
1816.09  3.04e-14  1.06e-15   502   427     0
1817.76  2.91e-14  1.04e-15   502   409     0
1819.44  3.09e-14  1.05e-15   502   435     0
1821.12  2.92e-14  1.02e-15   503   417     0
1822.79  3.09e-14  1.03e-15   503   442     0
1824.47  3.04e-14  1.02e-15   503   435     0
1826.14  2.91e-14  1.00e-15   503   414     0
1827.82  2.60e-14  9.80e-16   504   370     0
1829.50  2.60e-14  9.74e-16   504   371     0
1831.17  3.07e-14  1.15e-15   504   412     0
1832.85  3.08e-14  1.04e-15   504   414     0
1834.53  2.99e-14  1.03e-15   505   401     0
1836.20  2.98e-14  9.97e-16   505   415     0
1837.88  2.82e-14  9.79e-16   505   392     0
1839.55  2.77e-14  9.71e-16   505   385     0
1841.23  2.97e-14  1.02e-15   506   393     0
1842.91  2.94e-14  1.01e-15   506   388     0
1844.58  3.23e-14  1.03e-15   506   426     0
1846.26  3.35e-14  1.04e-15   506   440     0
1847.94  3.35e-14  1.08e-15   507   441     0
1849.61  3.21e-14  1.02e-15   507   422     0
1851.29  2.91e-14  9.72e-16   507   394     0
1852.97  2.54e-14  9.54e-16   507   345     0
1854.64  2.68e-14  9.58e-16   508   362     0
1856.32  2.93e-14  9.82e-16   508   390     0
1857.99  2.94e-14  9.79e-16   508   390     0
1859.67  2.92e-14  9.77e-16   508   388     0
1861.35  2.70e-14  9.24e-16   509   377     0
1863.02  2.56e-14  9.18e-16   509   357     0
1864.70  2.76e-14  9.26e-16   509   385     0
1866.38  2.71e-14  9.23e-16   509   377     0
1868.05  2.93e-14  9.33e-16   510   407     0
1869.73  2.98e-14  9.36e-16   510   413     0
1871.41  3.11e-14  9.67e-16   510   419     0
1873.08  3.18e-14  9.72e-16   510   427     0
1874.76  3.09e-14  9.67e-16   510   414     0
1876.43  3.09e-14  9.79e-16   511   407     0
1878.11  3.08e-14  9.79e-16   511   404     0
1879.79  2.97e-14  9.75e-16   511   389     0
1881.46  3.17e-14  9.93e-16   511   410     0
1883.14  3.23e-14  9.97e-16   511   418     0
1884.82  3.42e-14  1.01e-15   512   441     0
1886.49  3.50e-14  1.03e-15   512   441     0
1888.17  3.26e-14  1.01e-15   512   410     0
1889.85  3.39e-14  1.02e-15   512   426     0
1891.52  3.25e-14  9.84e-16   512   422     0
1893.20  3.45e-14  9.95e-16   512   448     0
1894.87  3.50e-14  9.98e-16   512   453     0
1896.55  3.38e-14  9.77e-16   513   444     0
1898.23  3.32e-14  9.73e-16   513   435     0
1899.90  3.31e-14  9.72e-16   513   433     0
1901.58  3.16e-14  9.54e-16   513   417     0
1903.26  3.07e-14  9.50e-16   513   405     0
1904.93  3.09e-14  9.51e-16   513   407     0
1906.61  3.24e-14  9.69e-16   513   420     0
1908.28  3.45e-14  9.78e-16   513   446     0
1909.96  3.48e-14  9.80e-16   513   450     0
1911.64  3.62e-14  1.01e-15   513   455     0
1913.31  3.63e-14  1.01e-15   513   455     0
1914.99  3.52e-14  1.00e-15   513   442     0
1916.67  3.61e-14  9.82e-16   513   467     0
1918.34  3.92e-14  1.01e-15   513   506     0
1920.02  4.01e-14  1.02e-15   513   517     0
1921.70  4.21e-14  1.04e-15   513   543     0
1923.37  4.13e-14  1.03e-15   513   533     0
1925.05  3.95e-14  1.01e-15   513   508     0
1926.72  4.12e-14  1.02e-15   513   530     0
1928.40  4.01e-14  1.01e-15   513   515     0
1930.08  4.42e-14  1.08e-15   513   550     0
1931.75  4.43e-14  1.12e-15   513   552     0
1933.43  4.52e-14  1.09e-15   513   564     0
1935.11  4.49e-14  1.07e-15   513   577     0
1936.78  4.47e-14  1.06e-15   512   576     0
1938.46  4.56e-14  1.07e-15   512   589     0
1940.14  4.37e-14  1.03e-15   512   576     0
1941.81  4.19e-14  9.98e-16   512   554     0
1943.49  4.05e-14  9.74e-16   512   537     0
1945.16  3.83e-14  9.42e-16   511   510     0
1946.84  3.55e-14  9.09e-16   511   474     0
1948.52  3.73e-14  9.22e-16   511   499     0
1950.19  3.87e-14  9.51e-16   511   505     0
1951.87  3.57e-14  9.18e-16   510   467     0
1953.55  3.35e-14  9.00e-16   510   439     0
1955.22  3.37e-14  9.17e-16   510   432     0
1956.90  3.39e-14  9.17e-16   509   435     0
1958.57  3.13e-14  9.04e-16   509   403     0
1960.25  3.01e-14  8.71e-16   508   402     0
1961.93  2.88e-14  8.67e-16   508   385     0
1963.60  2.82e-14  8.66e-16   507   378     0
1965.28  2.84e-14  8.65e-16   507   382     0
1966.96  2.77e-14  8.64e-16   506   372     0
1968.63  2.70e-14  8.65e-16   506   361     0
1970.31  2.95e-14  9.59e-16   505   356     0
1971.99  2.97e-14  9.64e-16   505   357     0
1973.66  2.96e-14  9.69e-16   504   353     0
1975.34  2.72e-14  9.50e-16   503   330     0
1977.01  2.79e-14  9.55e-16   503   336     0
1978.69  2.71e-14  9.58e-16   502   325     0
