1149.74 1151.42 1.07e-14 1.23e-14
1151.42 1153.1 3.43e-14 1.26e-14
1153.09 1154.77 2.61e-14 1.15e-14
1154.77 1156.45 2.97e-14 1.16e-14
1156.45 1158.13 2.43e-14 1.06e-14
1158.12 1159.8 3.14e-14 1.01e-14
1159.8 1161.48 3.85e-14 9.86e-15
1161.47 1163.15 3.33e-14 9.08e-15
1163.15 1164.83 3.49e-14 8.65e-15
1164.83 1166.51 4.01e-14 9.34e-15
1166.5 1168.18 2.22e-14 8.10e-15
1168.18 1169.86 4.14e-14 8.42e-15
1169.86 1171.54 4.15e-14 8.16e-15
1171.53 1173.21 3.63e-14 7.54e-15
1173.21 1174.89 3.75e-14 7.12e-15
1174.89 1176.57 4.12e-14 6.72e-15
1176.56 1178.24 2.34e-14 5.72e-15
1178.24 1179.92 3.00e-14 5.73e-15
1179.91 1181.59 3.28e-14 5.54e-15
1181.59 1183.27 2.88e-14 5.16e-15
1183.27 1184.95 3.90e-14 5.37e-15
1184.94 1186.62 4.24e-14 5.38e-15
1186.62 1188.3 4.43e-14 5.20e-15
1188.3 1189.98 4.23e-14 4.97e-15
1189.97 1191.65 3.42e-14 4.66e-15
1191.65 1193.33 3.45e-14 4.59e-15
1193.33 1195.01 3.43e-14 4.42e-15
1195 1196.68 4.64e-14 4.87e-15
1196.68 1198.36 4.45e-14 4.66e-15
1198.35 1200.03 4.18e-14 4.44e-15
1200.03 1201.71 3.67e-14 4.22e-15
1201.71 1203.39 3.41e-14 4.01e-15
1203.38 1205.06 2.87e-14 3.63e-15
1205.06 1206.74 2.66e-14 3.58e-15
1206.74 1208.42 3.49e-14 3.86e-15
1208.41 1210.09 2.72e-14 3.44e-15
1210.09 1211.77 2.20e-14 3.17e-15
1211.76 1213.44 2.61e-14 3.28e-15
1213.44 1215.12 3.85e-14 3.80e-15
1215.12 1216.8 5.85e-14 4.64e-15
1216.79 1218.47 3.81e-14 3.67e-15
1218.47 1220.15 3.07e-14 3.35e-15
1220.15 1221.83 3.48e-14 3.74e-15
1221.82 1223.5 5.25e-14 4.20e-15
1223.5 1225.18 5.59e-14 4.39e-15
1225.18 1226.86 7.69e-14 5.19e-15
1226.85 1228.53 8.27e-14 5.30e-15
1228.53 1230.21 9.04e-14 5.57e-15
1230.2 1231.88 1.26e-13 6.96e-15
1231.88 1233.56 1.46e-13 7.63e-15
1233.56 1235.24 1.49e-13 1.04e-14
1235.23 1236.91 1.70e-13 1.14e-14
1236.91 1238.59 1.63e-13 1.16e-14
1238.59 1240.27 1.44e-13 7.87e-15
1240.26 1241.94 9.28e-14 6.26e-15
1241.94 1243.62 1.01e-13 5.73e-15
1243.62 1245.3 7.80e-14 5.01e-15
1245.29 1246.97 8.05e-14 5.11e-15
1246.97 1248.65 6.90e-14 4.67e-15
1248.64 1250.32 6.98e-14 4.64e-15
1250.32 1252 6.95e-14 4.65e-15
1252 1253.68 6.02e-14 4.31e-15
1253.67 1255.35 6.25e-14 4.33e-15
1255.35 1257.03 7.44e-14 4.87e-15
1257.03 1258.71 6.52e-14 4.52e-15
1258.7 1260.38 5.92e-14 4.28e-15
1260.38 1262.06 7.01e-14 5.55e-15
1262.05 1263.73 6.53e-14 4.42e-15
1263.73 1265.41 6.64e-14 4.48e-15
1265.41 1267.09 5.75e-14 4.07e-15
1267.08 1268.76 5.42e-14 3.92e-15
1268.76 1270.44 4.74e-14 3.61e-15
1270.44 1272.12 5.80e-14 3.94e-15
1272.11 1273.79 5.55e-14 4.43e-15
1273.79 1275.47 4.73e-14 3.51e-15
1275.47 1277.15 4.63e-14 3.47e-15
1277.14 1278.82 4.73e-14 3.54e-15
1278.82 1280.5 5.29e-14 3.81e-15
1280.49 1282.17 4.24e-14 3.37e-15
1282.17 1283.85 4.69e-14 3.57e-15
1283.85 1285.53 4.94e-14 3.62e-15
1285.52 1287.2 3.87e-14 3.12e-15
1287.2 1288.88 4.32e-14 3.27e-15
1288.88 1290.56 4.21e-14 3.26e-15
1290.55 1292.23 3.59e-14 2.96e-15
1292.23 1293.91 3.77e-14 3.02e-15
1293.91 1295.59 3.80e-14 3.05e-15
1295.58 1297.26 4.65e-14 3.39e-15
1297.26 1298.94 4.23e-14 3.18e-15
1298.93 1300.61 3.79e-14 2.96e-15
1300.61 1302.29 3.19e-14 2.76e-15
1302.29 1303.97 3.44e-14 2.89e-15
1303.96 1305.64 4.78e-14 3.38e-15
1305.64 1307.32 3.38e-14 2.76e-15
1307.32 1309 3.42e-14 2.80e-15
1308.99 1310.67 3.13e-14 2.70e-15
1310.67 1312.35 4.19e-14 3.31e-15
1312.35 1314.03 4.25e-14 3.28e-15
1314.02 1315.7 3.62e-14 3.05e-15
1315.7 1317.38 3.99e-14 3.85e-15
1317.37 1319.05 3.76e-14 3.12e-15
1319.05 1320.73 4.65e-14 3.48e-15
1320.73 1322.41 3.76e-14 3.02e-15
1322.4 1324.08 3.89e-14 3.04e-15
1324.08 1325.76 4.21e-14 3.13e-15
1325.76 1327.44 4.25e-14 3.20e-15
1327.43 1329.11 3.81e-14 3.07e-15
1329.11 1330.79 4.16e-14 3.20e-15
1330.78 1332.46 3.91e-14 3.18e-15
1332.46 1334.14 3.44e-14 2.98e-15
1334.14 1335.82 3.71e-14 3.07e-15
1335.81 1337.49 3.22e-14 2.73e-15
1337.49 1339.17 3.74e-14 3.19e-15
1339.17 1340.85 4.15e-14 3.32e-15
1340.84 1342.52 4.10e-14 3.17e-15
1342.52 1344.2 4.30e-14 3.14e-15
1344.2 1345.88 4.15e-14 3.03e-15
1345.87 1347.55 3.27e-14 2.72e-15
1347.55 1349.23 3.54e-14 2.81e-15
1349.22 1350.9 3.91e-14 3.04e-15
1350.9 1352.58 4.11e-14 3.18e-15
1352.58 1354.26 4.20e-14 3.22e-15
1354.25 1355.93 4.50e-14 3.34e-15
1355.93 1357.61 3.83e-14 3.08e-15
1357.61 1359.29 4.77e-14 3.41e-15
1359.28 1360.96 3.49e-14 2.83e-15
1360.96 1362.64 4.66e-14 4.06e-15
1362.64 1364.32 4.02e-14 3.05e-15
1364.31 1365.99 4.82e-14 3.44e-15
1365.99 1367.67 4.29e-14 3.22e-15
1367.66 1369.34 4.39e-14 3.27e-15
1369.34 1371.02 4.73e-14 3.50e-15
1371.02 1372.7 4.75e-14 3.47e-15
1372.69 1374.37 4.34e-14 3.33e-15
1374.37 1376.05 3.58e-14 2.94e-15
1376.05 1377.73 4.00e-14 3.09e-15
1377.72 1379.4 3.55e-14 2.94e-15
1379.4 1381.08 3.69e-14 3.04e-15
1381.07 1382.75 4.72e-14 3.49e-15
1382.75 1384.43 3.41e-14 2.93e-15
1384.43 1386.11 4.26e-14 3.30e-15
1386.1 1387.78 4.49e-14 3.39e-15
1387.78 1389.46 3.76e-14 3.30e-15
1389.46 1391.14 3.90e-14 3.13e-15
1391.13 1392.81 3.92e-14 3.09e-15
1392.81 1394.49 3.70e-14 3.09e-15
1394.49 1396.17 4.07e-14 3.27e-15
1396.16 1397.84 3.63e-14 3.93e-15
1397.84 1399.52 4.50e-14 3.45e-15
1399.51 1401.19 4.00e-14 3.16e-15
1401.19 1402.87 4.02e-14 3.20e-15
1402.87 1404.55 4.04e-14 3.19e-15
1404.54 1406.22 3.82e-14 3.10e-15
1406.22 1407.9 3.83e-14 3.12e-15
1407.9 1409.58 5.70e-14 3.82e-15
1409.57 1411.25 4.41e-14 3.34e-15
1411.25 1412.93 4.38e-14 3.35e-15
1412.93 1414.61 5.58e-14 3.80e-15
1414.6 1416.28 5.69e-14 3.87e-15
1416.28 1417.96 5.54e-14 4.13e-15
1417.95 1419.63 4.89e-14 3.58e-15
1419.63 1421.31 7.17e-14 4.48e-15
1421.31 1422.99 5.14e-14 3.65e-15
1422.98 1424.66 4.73e-14 3.44e-15
1424.66 1426.34 5.33e-14 3.70e-15
1426.34 1428.02 5.31e-14 3.83e-15
1428.01 1429.69 5.69e-14 3.95e-15
1429.69 1431.37 6.11e-14 4.08e-15
1431.36 1433.04 6.00e-14 4.10e-15
1433.04 1434.72 5.35e-14 3.82e-15
1434.72 1436.4 4.60e-14 3.51e-15
1436.39 1438.07 4.52e-14 3.48e-15
1438.07 1439.75 5.48e-14 4.21e-15
1439.75 1441.43 4.50e-14 3.39e-15
1441.42 1443.1 3.77e-14 3.12e-15
1443.1 1444.78 4.07e-14 3.24e-15
1444.78 1446.46 4.37e-14 3.44e-15
1446.45 1448.13 3.44e-14 3.06e-15
1448.13 1449.81 3.49e-14 3.12e-15
1449.8 1451.48 3.66e-14 3.15e-15
1451.48 1453.16 3.56e-14 3.12e-15
1453.16 1454.84 3.92e-14 3.33e-15
1454.83 1456.51 4.25e-14 3.38e-15
1456.51 1458.19 4.09e-14 3.32e-15
1458.19 1459.87 3.58e-14 3.56e-15
1459.86 1461.54 3.62e-14 3.18e-15
1461.54 1463.22 3.84e-14 3.28e-15
1463.22 1464.9 3.90e-14 3.30e-15
1464.89 1466.57 3.97e-14 3.18e-15
1466.57 1468.25 4.07e-14 3.25e-15
1468.24 1469.92 3.48e-14 3.03e-15
1469.92 1471.6 3.32e-14 2.98e-15
1471.6 1473.28 2.84e-14 2.97e-15
1473.27 1474.95 3.71e-14 3.07e-15
1474.95 1476.63 3.82e-14 3.19e-15
1476.63 1478.31 3.69e-14 3.13e-15
1478.3 1479.98 3.81e-14 3.16e-15
1479.98 1481.66 3.32e-14 3.00e-15
1481.66 1483.34 3.62e-14 3.11e-15
1483.33 1485.01 4.17e-14 3.29e-15
1485.01 1486.69 3.35e-14 2.94e-15
1486.68 1488.36 3.54e-14 2.99e-15
1488.36 1490.04 3.32e-14 2.90e-15
1490.04 1491.72 4.16e-14 3.36e-15
1491.71 1493.39 4.20e-14 3.48e-15
1493.39 1495.07 3.88e-14 3.19e-15
1495.07 1496.75 3.30e-14 2.93e-15
1496.74 1498.42 4.61e-14 3.35e-15
1498.42 1500.1 4.02e-14 3.18e-15
1500.09 1501.77 3.38e-14 2.97e-15
1501.77 1503.45 3.12e-14 2.87e-15
1503.45 1505.13 3.25e-14 2.91e-15
1505.12 1506.8 3.56e-14 3.00e-15
1506.8 1508.48 3.67e-14 3.05e-15
1508.48 1510.16 4.31e-14 3.24e-15
1510.15 1511.83 3.80e-14 3.00e-15
1511.83 1513.51 2.93e-14 2.71e-15
1513.51 1515.19 3.45e-14 2.90e-15
1515.18 1516.86 3.34e-14 2.85e-15
1516.86 1518.54 3.49e-14 2.92e-15
1518.53 1520.21 3.60e-14 2.94e-15
1520.21 1521.89 3.50e-14 3.03e-15
1521.89 1523.57 3.47e-14 3.02e-15
1523.56 1525.24 3.50e-14 3.01e-15
1525.24 1526.92 3.61e-14 3.10e-15
1526.92 1528.6 3.74e-14 3.17e-15
1528.59 1530.27 3.60e-14 3.10e-15
1530.27 1531.95 3.75e-14 3.04e-15
1531.95 1533.63 4.05e-14 3.14e-15
1533.62 1535.3 4.56e-14 3.26e-15
1535.3 1536.98 4.06e-14 3.11e-15
1536.97 1538.65 4.13e-14 3.12e-15
1538.65 1540.33 4.16e-14 3.13e-15
1540.33 1542.01 4.55e-14 3.31e-15
1542 1543.68 4.58e-14 3.32e-15
1543.68 1545.36 4.05e-14 3.15e-15
1545.36 1547.04 4.13e-14 3.19e-15
1547.03 1548.71 3.68e-14 3.07e-15
1548.71 1550.39 4.60e-14 3.32e-15
1550.38 1552.06 4.42e-14 3.16e-15
1552.06 1553.74 5.27e-14 3.40e-15
1553.74 1555.42 5.80e-14 3.52e-15
1555.41 1557.09 5.87e-14 3.53e-15
1557.09 1558.77 5.45e-14 3.39e-15
1558.77 1560.45 5.91e-14 3.52e-15
1560.44 1562.12 6.82e-14 3.84e-15
1562.12 1563.8 6.98e-14 5.07e-15
1563.8 1565.48 7.49e-14 4.05e-15
1565.47 1567.15 9.17e-14 4.53e-15
1567.15 1568.83 9.50e-14 4.75e-15
1568.82 1570.5 1.02e-13 4.85e-15
1570.5 1572.18 1.25e-13 5.81e-15
1572.18 1573.86 1.29e-13 7.02e-15
1573.85 1575.53 1.16e-13 1.13e-14
1575.53 1577.21 1.01e-13 4.76e-15
1577.21 1578.89 9.83e-14 4.63e-15
1578.88 1580.56 9.42e-14 4.47e-15
1580.56 1582.24 7.74e-14 3.82e-15
1582.24 1583.92 7.99e-14 5.73e-15
1583.91 1585.59 7.91e-14 6.31e-15
1585.59 1587.27 6.16e-14 4.18e-15
1587.26 1588.94 6.68e-14 3.80e-15
1588.94 1590.62 6.36e-14 3.49e-15
1590.62 1592.3 5.21e-14 3.10e-15
1592.29 1593.97 4.71e-14 2.97e-15
1593.97 1595.65 5.17e-14 3.07e-15
1595.65 1597.33 4.90e-14 3.00e-15
1597.32 1599 4.61e-14 2.91e-15
1599 1600.68 5.01e-14 3.00e-15
1600.68 1602.36 4.58e-14 2.88e-15
1602.35 1604.03 4.15e-14 2.76e-15
1604.03 1605.71 4.47e-14 2.83e-15
1605.7 1607.38 4.54e-14 2.93e-15
1607.38 1609.06 4.65e-14 2.94e-15
1609.06 1610.74 4.31e-14 2.85e-15
1610.73 1612.41 4.33e-14 2.77e-15
1612.41 1614.09 4.62e-14 2.83e-15
1614.09 1615.77 4.75e-14 2.84e-15
1615.76 1617.44 4.07e-14 2.74e-15
1617.44 1619.12 4.01e-14 2.72e-15
1619.11 1620.79 4.62e-14 2.87e-15
1620.79 1622.47 4.24e-14 2.73e-15
1622.47 1624.15 4.01e-14 2.67e-15
1624.14 1625.82 3.94e-14 2.64e-15
1625.82 1627.5 3.63e-14 2.44e-15
1627.5 1629.18 4.28e-14 2.56e-15
1629.17 1630.85 3.76e-14 2.45e-15
1630.85 1632.53 3.73e-14 2.44e-15
1632.53 1634.21 3.84e-14 2.44e-15
1634.2 1635.88 4.27e-14 2.59e-15
1635.88 1637.56 4.17e-14 2.56e-15
1637.55 1639.23 3.57e-14 2.43e-15
1639.23 1640.91 3.81e-14 2.43e-15
1640.91 1642.59 3.86e-14 2.43e-15
1642.58 1644.26 4.05e-14 2.46e-15
1644.26 1645.94 4.54e-14 2.48e-15
1645.94 1647.62 4.11e-14 2.36e-15
1647.61 1649.29 3.82e-14 2.29e-15
1649.29 1650.97 3.87e-14 2.30e-15
1650.97 1652.65 3.61e-14 2.23e-15
1652.64 1654.32 3.59e-14 2.22e-15
1654.32 1656 4.21e-14 2.37e-15
1655.99 1657.67 3.71e-14 2.27e-15
1657.67 1659.35 3.65e-14 2.25e-15
1659.35 1661.03 4.53e-14 2.38e-15
1661.02 1662.7 4.55e-14 2.47e-15
1662.7 1664.38 4.89e-14 2.41e-15
1664.38 1666.06 5.07e-14 2.51e-15
1666.05 1667.73 4.04e-14 2.30e-15
1667.73 1669.41 3.93e-14 2.28e-15
1669.4 1671.08 4.00e-14 2.33e-15
1671.08 1672.76 4.65e-14 2.43e-15
1672.76 1674.44 4.24e-14 2.41e-15
1674.43 1676.11 4.10e-14 2.22e-15
1676.11 1677.79 4.29e-14 2.25e-15
1677.79 1679.47 4.49e-14 2.25e-15
1679.46 1681.14 3.50e-14 2.02e-15
1681.14 1682.82 3.64e-14 2.03e-15
1682.82 1684.5 3.69e-14 2.02e-15
1684.49 1686.17 4.00e-14 2.12e-15
1686.17 1687.85 4.49e-14 2.18e-15
1687.84 1689.52 4.01e-14 2.09e-15
1689.52 1691.2 4.16e-14 2.29e-15
1691.2 1692.88 4.38e-14 2.12e-15
1692.87 1694.55 4.24e-14 2.08e-15
1694.55 1696.23 3.76e-14 1.94e-15
1696.23 1697.91 3.44e-14 1.88e-15
1697.9 1699.58 3.69e-14 2.13e-15
1699.58 1701.26 3.99e-14 2.08e-15
1701.26 1702.94 3.99e-14 2.21e-15
1702.93 1704.61 3.87e-14 1.92e-15
1704.61 1706.29 3.50e-14 1.80e-15
1706.28 1707.96 3.16e-14 1.74e-15
1707.96 1709.64 3.35e-14 1.75e-15
1709.64 1711.32 3.33e-14 1.77e-15
1711.31 1712.99 3.26e-14 1.75e-15
1712.99 1714.67 3.46e-14 1.76e-15
1714.67 1716.35 3.41e-14 1.73e-15
1716.34 1718.02 3.02e-14 1.67e-15
1718.02 1719.7 3.44e-14 1.70e-15
1719.7 1721.38 3.02e-14 1.60e-15
1721.37 1723.05 3.59e-14 1.66e-15
1723.05 1724.73 3.41e-14 1.62e-15
1724.72 1726.4 3.29e-14 1.57e-15
1726.4 1728.08 2.95e-14 1.52e-15
1728.08 1729.76 3.24e-14 1.54e-15
1729.75 1731.43 2.56e-14 1.41e-15
1731.43 1733.11 2.53e-14 1.39e-15
1733.11 1734.79 2.86e-14 1.44e-15
1734.78 1736.46 3.01e-14 1.47e-15
1736.46 1738.14 3.21e-14 1.48e-15
1738.13 1739.81 3.17e-14 1.47e-15
1739.81 1741.49 3.02e-14 1.42e-15
1741.49 1743.17 2.88e-14 1.39e-15
1743.16 1744.84 2.81e-14 1.37e-15
1744.84 1746.52 3.58e-14 1.50e-15
1746.52 1748.2 3.50e-14 1.48e-15
1748.19 1749.87 3.38e-14 1.46e-15
1749.87 1751.55 3.08e-14 1.39e-15
1751.55 1753.23 3.28e-14 1.40e-15
1753.22 1754.9 3.29e-14 1.39e-15
1754.9 1756.58 3.00e-14 1.34e-15
1756.57 1758.25 3.20e-14 1.36e-15
1758.25 1759.93 3.08e-14 1.33e-15
1759.93 1761.61 3.20e-14 1.37e-15
1761.6 1763.28 3.26e-14 1.37e-15
1763.28 1764.96 3.26e-14 1.36e-15
1764.96 1766.64 3.00e-14 1.28e-15
1766.63 1768.31 3.20e-14 1.29e-15
1768.31 1769.99 3.35e-14 1.30e-15
1769.99 1771.67 3.27e-14 1.25e-15
1771.66 1773.34 3.49e-14 1.27e-15
1773.34 1775.02 2.89e-14 1.20e-15
1775.01 1776.69 3.17e-14 1.26e-15
1776.69 1778.37 3.52e-14 1.28e-15
1778.37 1780.05 3.55e-14 1.28e-15
1780.04 1781.72 3.90e-14 1.38e-15
1781.72 1783.4 4.04e-14 1.39e-15
1783.4 1785.08 3.58e-14 1.33e-15
1785.07 1786.75 3.59e-14 1.27e-15
1786.75 1788.43 3.39e-14 1.24e-15
1788.42 1790.1 3.14e-14 1.22e-15
1790.1 1791.78 3.37e-14 1.18e-15
1791.78 1793.46 3.50e-14 1.19e-15
1793.45 1795.13 3.44e-14 1.18e-15
1795.13 1796.81 3.57e-14 1.18e-15
1796.81 1798.49 3.30e-14 1.16e-15
1798.48 1800.16 3.42e-14 1.31e-15
1800.16 1801.84 3.42e-14 1.42e-15
1801.84 1803.52 3.51e-14 1.17e-15
1803.51 1805.19 3.51e-14 1.16e-15
1805.19 1806.87 3.21e-14 1.12e-15
1806.86 1808.54 3.00e-14 1.10e-15
1808.54 1810.22 3.06e-14 1.10e-15
1810.22 1811.9 3.14e-14 1.10e-15
1811.89 1813.57 3.26e-14 1.10e-15
1813.57 1815.25 3.07e-14 1.08e-15
1815.25 1816.93 3.04e-14 1.06e-15
1816.92 1818.6 2.91e-14 1.04e-15
1818.6 1820.28 3.09e-14 1.05e-15
1820.28 1821.96 2.92e-14 1.02e-15
1821.95 1823.63 3.09e-14 1.03e-15
1823.63 1825.31 3.04e-14 1.02e-15
1825.3 1826.98 2.91e-14 1.00e-15
1826.98 1828.66 2.60e-14 9.80e-16
1828.66 1830.34 2.60e-14 9.74e-16
1830.33 1832.01 3.07e-14 1.15e-15
1832.01 1833.69 3.08e-14 1.04e-15
1833.69 1835.37 2.99e-14 1.03e-15
1835.36 1837.04 2.98e-14 9.97e-16
1837.04 1838.72 2.82e-14 9.79e-16
1838.71 1840.39 2.77e-14 9.71e-16
1840.39 1842.07 2.97e-14 1.02e-15
1842.07 1843.75 2.94e-14 1.01e-15
1843.74 1845.42 3.23e-14 1.03e-15
1845.42 1847.1 3.35e-14 1.04e-15
1847.1 1848.78 3.35e-14 1.08e-15
1848.77 1850.45 3.21e-14 1.02e-15
1850.45 1852.13 2.91e-14 9.72e-16
1852.13 1853.81 2.54e-14 9.54e-16
1853.8 1855.48 2.68e-14 9.58e-16
1855.48 1857.16 2.93e-14 9.82e-16
1857.15 1858.83 2.94e-14 9.79e-16
1858.83 1860.51 2.92e-14 9.77e-16
1860.51 1862.19 2.70e-14 9.24e-16
1862.18 1863.86 2.56e-14 9.18e-16
1863.86 1865.54 2.76e-14 9.26e-16
1865.54 1867.22 2.71e-14 9.23e-16
1867.21 1868.89 2.93e-14 9.33e-16
1868.89 1870.57 2.98e-14 9.36e-16
1870.57 1872.25 3.11e-14 9.67e-16
1872.24 1873.92 3.18e-14 9.72e-16
1873.92 1875.6 3.09e-14 9.67e-16
1875.59 1877.27 3.09e-14 9.79e-16
1877.27 1878.95 3.08e-14 9.79e-16
1878.95 1880.63 2.97e-14 9.75e-16
1880.62 1882.3 3.17e-14 9.93e-16
1882.3 1883.98 3.23e-14 9.97e-16
1883.98 1885.66 3.42e-14 1.01e-15
1885.65 1887.33 3.50e-14 1.03e-15
1887.33 1889.01 3.26e-14 1.01e-15
1889.01 1890.69 3.39e-14 1.02e-15
1890.68 1892.36 3.25e-14 9.84e-16
1892.36 1894.04 3.45e-14 9.95e-16
1894.03 1895.71 3.50e-14 9.98e-16
1895.71 1897.39 3.38e-14 9.77e-16
1897.39 1899.07 3.32e-14 9.73e-16
1899.06 1900.74 3.31e-14 9.72e-16
1900.74 1902.42 3.16e-14 9.54e-16
1902.42 1904.1 3.07e-14 9.50e-16
1904.09 1905.77 3.09e-14 9.51e-16
1905.77 1907.45 3.24e-14 9.69e-16
1907.44 1909.12 3.45e-14 9.78e-16
1909.12 1910.8 3.48e-14 9.80e-16
1910.8 1912.48 3.62e-14 1.01e-15
1912.47 1914.15 3.63e-14 1.01e-15
1914.15 1915.83 3.52e-14 1.00e-15
1915.83 1917.51 3.61e-14 9.82e-16
1917.5 1919.18 3.92e-14 1.01e-15
1919.18 1920.86 4.01e-14 1.02e-15
1920.86 1922.54 4.21e-14 1.04e-15
1922.53 1924.21 4.13e-14 1.03e-15
1924.21 1925.89 3.95e-14 1.01e-15
1925.88 1927.56 4.12e-14 1.02e-15
1927.56 1929.24 4.01e-14 1.01e-15
1929.24 1930.92 4.42e-14 1.08e-15
1930.91 1932.59 4.43e-14 1.12e-15
1932.59 1934.27 4.52e-14 1.09e-15
1934.27 1935.95 4.49e-14 1.07e-15
1935.94 1937.62 4.47e-14 1.06e-15
1937.62 1939.3 4.56e-14 1.07e-15
1939.3 1940.98 4.37e-14 1.03e-15
1940.97 1942.65 4.19e-14 9.98e-16
1942.65 1944.33 4.05e-14 9.74e-16
1944.32 1946 3.83e-14 9.42e-16
1946 1947.68 3.55e-14 9.09e-16
1947.68 1949.36 3.73e-14 9.22e-16
1949.35 1951.03 3.87e-14 9.51e-16
1951.03 1952.71 3.57e-14 9.18e-16
1952.71 1954.39 3.35e-14 9.00e-16
1954.38 1956.06 3.37e-14 9.17e-16
1956.06 1957.74 3.39e-14 9.17e-16
1957.73 1959.41 3.13e-14 9.04e-16
1959.41 1961.09 3.01e-14 8.71e-16
1961.09 1962.77 2.88e-14 8.67e-16
1962.76 1964.44 2.82e-14 8.66e-16
1964.44 1966.12 2.84e-14 8.65e-16
1966.12 1967.8 2.77e-14 8.64e-16
1967.79 1969.47 2.70e-14 8.65e-16
1969.47 1971.15 2.95e-14 9.59e-16
1971.15 1972.83 2.97e-14 9.64e-16
1972.82 1974.5 2.96e-14 9.69e-16
1974.5 1976.18 2.72e-14 9.50e-16
1976.17 1977.85 2.79e-14 9.55e-16
1977.85 1979.53 2.71e-14 9.58e-16
